15.959346
16.137070
16.096682
16.372400
15.944553
15.778156


16.439138
1.094868


523.419765
363.172102
423.201495
377.123973
878.825664
0.526519
0.543194
0.544535
0.696107
0.541326
34.614971
0.737884


0.612952
0.507653
0.509484
0.513608
0.510943
0.517105
0.525927
0.507878
0.536875
0.583112
0.572017
0.579300
0.576072
0.576952
0.567087
0.578368
0.576849
0.584740
0.578296
0.586671
0.573897
0.572260
0.569290
0.585812
0.596639
0.576017
0.597644
0.580017
0.586764
0.597002
0.580474
0.578910
0.569225
0.569231
0.573521
0.570523
0.601290
0.570515
0.575777
0.582552
0.568034
0.571251
0.580267
0.569888
0.586242
0.578335
0.569755
0.573489
0.571502
0.597967
0.581339
0.567092
0.570916
0.573891
0.572519
0.570332
0.575072
0.579160
0.579208
0.568239
0.576013
0.573229
0.591706
0.572892
0.573947
0.570573
0.570307
0.579434
0.577399
0.585955
0.569034
0.572029
0.588342
0.573857
0.573168
0.564589
0.576760
0.570603
0.573757
0.585162
0.620213
0.597522
0.586095
0.592253
0.614205
0.574104
0.578114
0.568766
0.583211
0.579484
0.569243
0.588704
0.579307
0.572601
0.570518
0.582061
0.571829
0.580603
0.586683
0.573156
0.570469
0.582068
0.570766
0.574015
0.577892
0.575401
0.578040
0.581839
0.588433
0.571525
0.575545
0.586072
0.589679
0.582677
0.568855
0.618597
0.567919
0.588695
0.605778
0.576835
0.575614
0.570133
0.577990
0.569466
0.572908
0.569655
0.577449
0.603769
0.575919
0.570186
0.575518
0.570192
0.579181
0.575072
0.581504
0.571550
0.575551
0.572540
0.569126
0.572234
0.567042
0.597188
0.571541
0.573192
0.570017
0.572178
0.569678
0.572296
0.592175
0.572247
0.579988
0.596374
0.578911
0.581425
0.573240
0.568268
0.574770
0.570036
0.590979
0.576562
0.582164
0.575805
0.572639
0.571682
0.587123
0.599031
0.571685
0.570655
0.573186
0.568600
0.581124
0.573846
0.582481
0.571800
0.569967
0.574542
0.571574
0.575064
0.574725
0.592494
0.568388
0.592996
0.571327
0.574394
0.580602
0.575529
0.570077
0.574593
0.581217
0.570514
0.581466
0.582109
0.599665
0.585558
0.574724
0.565897
0.601974
0.573799
0.590047
0.564596
0.571803
0.570675
0.574631
0.568103
0.570605
0.581359
0.585940
0.574574
0.570089
0.595856
0.588017
0.579961
0.619066
0.586356
0.571794
0.579898
0.585640
0.577574
0.579217
0.578177
0.603180
0.569655
0.616787
0.566007
0.569785
0.601546
0.573964
0.584239
0.578418
0.573875
0.584137
0.587478
0.576132
0.575350
0.575148
0.583109
0.581772
0.581547
0.575320
0.619925
0.594639
0.567378
0.619807
0.587455
0.572397
0.567140
0.581439
0.567502
0.613857
0.580044
0.574268
0.569943
0.610648
0.578173
0.572068
0.580745
0.573781
0.578244
0.580461
0.568991
0.575979
0.569087
0.578449
0.570098
0.568283
0.579469
0.582369
0.568426
0.574412
0.577587
0.584769
0.589467
0.592642
0.570957
0.573935
0.576559
0.571413
0.572897
0.573905
0.571144
0.574703
0.577542
0.574467
0.586927
0.571286
0.581590
0.576465
0.573880
0.569956
0.575628
0.567382
0.589629
0.578107
0.571880
0.579307
0.580248
0.569310
0.583212
0.585017
0.572046
0.572693
0.572307
0.580066
0.578277
0.578189
0.575062
0.570422
0.576361
0.581624
0.589059
0.569143
0.569185
0.568655
0.580598
0.575346
0.572715
0.577688
0.605376
0.583718
0.568532
0.575250
0.572081
0.578744
0.591579
0.577692
0.575065
0.615682
0.581983
0.599964
0.574271
0.571897
0.572254
0.580257
0.575025
0.570064
0.584591
0.573433
0.579688
0.576808
0.579477
0.576974
0.577084
0.587704
0.566442
0.569929
0.570230
0.579553
0.587166
0.576208
0.577911
0.572555
0.586913
0.591151
0.574884
0.585516
0.572945
0.571939
0.576404
0.571454
0.571593
0.581868
0.604895
0.574773
0.570449
0.567319
0.581028
0.576995
0.585647
0.576759
0.593492
0.578897
0.570467
0.573293
0.569663
0.572820
0.577721
0.568045
0.569939
0.583216
0.575947
0.582306
0.582532
0.567743
0.584582
0.585290
0.591942
0.589209
0.598622
0.580167
0.575999
0.584019
0.579401
0.613715
0.579116
0.585057
0.577075
0.572828
0.575250
0.576158
0.583647
0.578410
0.581410
0.583742
0.590095
0.615437
0.572595
0.591095
0.573068
0.592282
0.570185
0.575509
0.568174
0.577080
0.574044
0.574747
0.576928
0.572701
0.579602
0.582568
0.593859
0.575523
0.573589
0.580110
0.578376
0.574307
0.572820
0.573495
0.577692
0.590605
0.587164
0.577646
0.587084
0.582755
0.579141
0.582071
0.577501
0.578731
0.580254
0.571033
0.579795
0.570683
0.574447
0.568755
0.579321
0.575567
0.573231
0.577282
0.582585
0.579115
0.577595
0.568790
0.594859
0.572714
0.571627
0.577451
0.574045
0.578979
0.602164
0.576480
0.573187
0.576692
0.595661
0.575562
0.574164
0.583974
0.573153
0.575356
0.576837
0.571987
0.587368
0.580818
0.579485
0.570729
0.573857
0.582237
0.574424
0.575506
0.571847
0.581165
0.569046
0.570678
0.574203
0.570459
0.572649
0.577504
0.576965
0.575256
0.569641
0.575913
0.574935
0.585972
0.569656
0.574236
0.572727
0.584075
0.596144
0.570763
0.581815
0.573832
0.576004
0.577045
0.594749
0.571051
0.575437
0.573914
0.568276
0.580833
0.570642
0.575275
0.575167
0.575370
0.583287
0.571732
0.573993
0.583550
0.591512
0.574202
0.575044
0.584508
0.572106
0.577734
0.580511
0.567051
0.577330
0.584248
0.577739
0.573289
0.573373
0.576421
0.572456
0.573915
0.569851
0.579384
0.598729
0.581957
0.569036
0.578282
0.572045
0.581503
0.576237
0.576903
0.580390
0.576214
0.577288
0.599536
0.579368
0.574526
0.568040
0.570115
0.580385
0.574060
0.576997
0.578651
0.591297
0.582212
0.568053
0.569308
0.601433
0.598652
0.569965
0.606568
0.575364
0.586092
0.577323
0.577973
0.585458
0.569011
0.574773
0.577396
0.574446
0.574311
0.576248
0.596920
0.571292
0.579297
0.576582
0.576118
0.579981
0.575068
0.581611
0.578685
0.570888
0.576537
0.570527
0.589883
0.574078
0.578414
0.577126
0.585802
0.580223
0.585311
0.575655
0.604677
0.573256
0.574263
0.575046
0.583672
0.583325
0.589037
0.576032
0.584921
0.583960
0.581165
0.582376
0.573343
0.600306
0.573404
0.587307
0.574686
0.574212
0.583166
0.573209
0.576268
0.588442
0.574011
0.587772
0.582275
0.572862
0.575858
0.585163
0.575191
0.569325
0.573219
0.582195
0.578147
0.575596
0.577027
0.579993
0.603052
0.602120
0.572343
0.573646
0.574846
0.566918
0.578724
0.583922
0.586458
0.571117
0.578240
0.583218
0.577941
0.573135
0.577244
0.572519
0.573730
0.597594
0.573300
0.578008
0.572785
0.572896
0.588103
0.569825
0.578740
0.578377
0.574733
0.580771
0.584069
0.572736
0.578442
0.593719
0.595145
0.577458
0.590827
0.589810
0.599490
0.579923
0.572921
0.574203
0.573671
0.586639
0.579687
0.575351
0.573175
0.578873
0.579248
0.578942
0.574648
0.569412
0.587332
0.579111
0.579290
0.583566
0.578497
0.601220
0.582245
0.583768
0.575822
0.575617
0.571110
0.579369
0.581937
0.573316
0.578061
0.595133
0.579175
0.576105
0.572376
0.579025
0.570493
0.583410
0.576827
0.586872
0.574692
0.569948
0.583624
0.574736
0.583388
0.577211
0.579101
0.581767
0.570879
0.577362
0.570945
0.592652
0.571213
0.575761
0.570857
0.568341
0.586070
0.587099
0.585315
0.581218
0.576187
0.578881
0.571850
0.609061
0.576762
0.571778
0.595604
0.572007
0.578137
0.577711
0.569183
0.574509
0.583277
0.580133
0.573949
0.583138
0.572954
0.570745
0.606178
0.624696
0.572597
0.575345
0.575628
0.570467
0.573841
0.582534
0.581224
0.577855
0.610757
0.569851
0.573626
0.585999
0.586332
0.576337
0.579358
0.585220
0.569462
0.574650
0.579765
0.571361
0.574311
0.580233
0.571390
0.574239
0.572016
0.569491
0.583324
0.613756
0.575882
0.576036
0.576200
0.589628
0.583855
0.577739
0.567880
0.580484
0.573120
0.578250
0.571576
0.575714
0.573256
0.574016
0.581148
0.576552
0.569141
0.578050
0.621256
0.612603
0.569735
0.572262
0.582249
0.573384
0.588450
0.576670
0.608562
0.596990
0.577897
0.573631
0.570307
0.590725
0.572701
0.580957
0.575247
0.581117
0.607062
0.614870
0.575679
0.570692
0.572433
0.570422
0.571939
0.580293
0.579102
0.574778
0.574924
0.566375
0.572893
0.601212
0.583421
0.574965
0.574545
0.591005
0.583731
0.577841
0.574729
0.581685
0.596319
0.582015
0.597329
0.580482
0.593766
0.588244
0.575871
0.593978
0.587570
0.578838
0.582703
0.579913
0.595808
0.570141
0.575479
0.578896
0.570029
0.573207
0.574934
0.574705
0.576863
0.582730
0.582457
0.582673
0.575103
0.575656
0.595337
0.565791
0.619462
0.580674
0.575602
0.580587
0.584493
0.585424
0.575151
0.571755
0.577046
0.586879
0.569703
0.571555
0.575296
0.568743
0.583979
0.574256
0.579839
0.571783
0.605133
0.573893
0.568509
0.575671
0.572859
0.574905
0.571297
0.575491
0.572339
0.581591
0.576169
0.571778
0.571637
0.585034
0.574671
0.577580
0.576276
0.595421
0.583118
0.574603
0.575779
0.576516
0.575036
0.573530
0.572204
0.568883
0.589988
0.581034
0.581264
0.572464
0.577973
0.578892
0.575219
0.577388
0.570243
0.574470
0.579878
0.578791
0.579645
0.576903
0.587454
0.573489
0.575436
0.624388
0.573949
0.575611
0.576592
0.580877
0.576900
0.574007
0.572642
0.574231
0.595678
0.584021
0.571606
0.570357
0.576033
0.618216
0.587476
0.581972
0.576899
0.570535
0.575093
0.570017
0.572868
0.582542
0.572038
0.587517
0.577760
0.606313
0.590357
0.573164
0.595534
0.575710
0.582704
0.582528
0.570773
0.577317
0.581157
0.576460
0.578385
0.579878
0.572245
0.574494
0.566853
0.581164
0.584982
0.586757
0.575332
0.572376
0.577485
0.570476
0.587205
0.598194
0.569866
0.586586
0.572075
0.573659
0.579359
0.577057
0.579614
0.580336
0.574821
0.576467
0.575772
0.575001
0.581562
0.574207
0.572507
0.572414
0.596299
0.593107
0.579050
0.571521
0.585220
0.570735
0.570098
0.580069
0.602571
0.574939
0.576968
0.577961
0.576728
0.571078
0.569599
0.574633
0.566696
0.575169
0.579938
0.570449
0.580233
0.565870
0.566720
0.570280
0.571853
0.570365
0.571592
0.580361
0.580574
0.587356
0.584256
0.581000
0.575330
0.571855
0.596224
0.594823
0.581200
0.616338
0.623115
0.586218
0.580756
0.576944
0.600820
0.572478
0.577685
0.584053
0.581183
0.592009
0.592961
0.590364
0.573280
0.580490
0.581823
0.596187
0.586297
0.572280
0.566075
0.584567
0.575285
0.599338
0.570729
0.614849
0.885228
0.573869
0.568069
0.578019
0.575965
0.574720
0.566949
0.594372
0.564633
0.576144
0.782216
0.573901
0.572059
0.585843
0.577556
0.574495
0.560995
0.575050
0.569785
0.570409
0.590322
0.567792
0.587493
0.562436
0.570816
0.581604
0.870696
0.886905
0.756289
0.598864
0.575945
0.567098
0.897389
0.879749
0.570521
0.571624
0.573957
0.575176
0.573070
0.570669
0.578461
0.583606
0.576162
0.565517
0.565620
0.578879
0.570093
0.569803
0.613781
0.574496
0.560487
0.578837
0.564863
0.580495
0.581380
0.590870
0.568358
0.569246
0.903952
0.576020
0.567898
0.593814
0.884882
0.573172
0.568083
0.596070
0.569966
0.572561
0.577003
0.888453
0.582030
0.591633
0.570413
0.574739
0.571447
0.572900
0.573827
0.573736
0.571680
0.578968
0.570375
0.883515
0.574880
0.575448
0.568777
0.576716
0.572604
0.566561
0.582614
0.571135
0.569338
0.567965
0.573674
0.571559
0.564607
0.584576
0.562878
0.614928
0.565598
0.588769
0.573984
0.570777
0.586747
0.584947
0.565951
0.574043
0.602194
0.576998
0.559313
0.577831
0.573089
0.567857
0.572801
0.584057
0.567447
0.582905
0.563631
0.576176
0.569703
0.605456
0.571044
0.566852
0.581925
0.574541
0.569857
0.657719
0.576998
0.566720
0.771184
0.575225
0.575574
0.596927
0.568205
0.577114
0.909971
0.579323
0.567680
0.580992
0.582773
0.578200
0.575851
0.577744
0.570585
0.579362
0.567322
0.570732
0.572948
0.886649
0.566973
0.597582
0.567320
0.572926
0.577539
0.568711
0.577504
0.577513
0.576720
0.569663
0.571886
0.583103
0.578012
0.588548
0.587781
0.781215
0.573340
0.569608
0.603311
0.887425
0.577599
0.573030
0.570429
0.583796
0.573085
0.576045
0.572610
0.564172
0.573419
0.585351
0.581134
0.570097
0.568129
0.579650
0.572604
0.895045
0.575014
0.578971
0.570227
0.897308
0.885393
0.572191
0.577208
0.578996
0.705844
0.575476
0.574254
0.580757
0.580152
0.581150
0.569862
0.573556
0.587029
0.588042
0.888846
0.572981
0.603758
0.568842
0.884987
0.572074
0.574164
0.584296
0.724855
0.852121
0.574089
0.574379
0.568204
0.575348
0.576799
0.579599
0.575945
0.569866
0.903823
0.573313
0.573237
0.568559
0.569529
0.569461
0.570858
0.883718
0.572980
0.570315
0.573756
0.585884
0.583893
0.578512
0.580225
0.765214
0.569242
0.572979
0.570656
0.571252
0.572422
0.578594
0.573417
0.578214
0.574630
0.587970
0.580655
0.579570
0.579152
0.577893
0.903144
0.893697
0.578642
0.578989
0.596630
0.574256
0.575622
0.592814
0.584342
0.576332
0.565274
0.863535
0.573240
0.571787
0.575081
0.567091
0.574281
0.568866
0.577309
0.882841
0.574425
0.588995
0.569002
0.572922
0.576301
0.567761
0.908142
0.571779
0.580538
0.610969
0.577081
0.608865
0.579073
0.586435
0.582156
0.571798
0.597457
0.573693
0.570168
0.576946
0.577701
0.584775
0.566216
0.570998
0.581093
0.580469
0.616003
0.566208
0.716225
0.583410
0.574266
0.645274
0.565385
0.578062
0.571663
0.571469
0.563498
0.568926
0.563613
0.573434
0.567774
0.567005
0.581408
0.587075
0.586261
0.561009
0.578590
0.575546
0.582352
0.576308
0.874572
0.569343
0.570953
0.572620
0.566390
0.588090
0.582505
0.577880
0.578422
0.576458
0.574303
0.591236
0.572004
0.572678
0.572026
0.588682
0.575559
0.579947
0.570105
0.582370
0.578887
0.568761
0.590419
0.568011
0.567957
0.590440
0.574155
0.574054
0.574991
0.572987
0.565979
0.573749
0.563985
0.578776
0.572122
0.611318
0.576301
0.583649
0.569335
0.583969
0.569321
0.567454
0.587011
0.581060
0.565038
0.580499
0.575587
0.886067
0.577863
0.587007
0.571771
0.579918
0.565356
0.571324
0.562312
0.568412
0.573155
0.923740
0.577232
0.568692
0.564290
0.573161
0.563161
0.570858
0.574620
0.574937
0.579572
0.569186
0.572994
0.565189
0.580459
0.566216
0.614705
0.577185
0.579284
0.582440
0.622821
0.577151
0.575094
0.569882
0.574328
0.572008
0.578174
0.568690
0.564209
0.568033
0.573848
0.570703
0.563512
0.573621
0.892728
0.571653
0.604567
0.575721
0.687634
0.576081
0.573422
0.568261
0.573198
0.571746
0.600109
0.578754
0.581378
0.593636
0.651863
0.580636
0.574142
0.577910
0.579960
0.568750
0.582645
0.578618
0.568557
0.909656
0.579378
0.606419
0.881121
0.886885
0.576165
0.602410
0.573665
0.591886
0.586434
0.573669
0.574421
0.599676
0.572192
0.584933
0.576105
0.577863
0.587358
0.586794
0.562757
0.569263
0.758770
0.572810
0.570106
0.911304
0.580587
0.577350
0.584336
0.564243
0.576791
0.574914
0.571237
0.581854
0.573556
0.591889
0.571578
0.580251
0.578505
0.598316
0.876175
0.606281
0.570283
0.589383
0.578299
0.579099
0.584604
0.595359
0.576020
0.568674
0.569383
0.577313
0.577393
0.802470
0.570478
0.573649
0.574529
0.568405
0.571479
0.577473
0.598162
0.569932
0.568797
0.570472
0.572187
0.570674
0.770224
0.571980
0.580275
0.571762
0.567588
0.579993
0.892921
0.573222
0.587071
0.560963
0.573020
0.576105
0.582652
0.563997
0.571248
0.572566
0.583423
0.605089
0.588496
0.605701
0.887231
0.586964
0.578427
0.574603
0.581965
0.566672
0.595290
0.898109
0.580437
0.576669
0.576867
0.574702
0.569632
0.573918
0.889331
0.580284
0.613338
0.569569
0.574600
0.604010
0.576147
0.572636
0.569584
0.586453
0.578947
0.582061
0.570006
0.577720
0.577668
0.576569
0.580886
0.572878
0.569525
0.876319
0.581018
0.572407
0.571312
0.877708
0.565915
0.569169
0.587313
0.571716
0.571256
0.568586
0.581204
0.572823
0.746346
0.570294
0.569336
0.891485
0.582825
0.573590
0.573051
0.570043
0.888223
0.570015
0.567842
0.577048
0.567665
0.569297
0.566925
0.575005
0.585357
0.576076
0.567249
0.566764
0.571864
0.579132
0.573439
0.583178
0.571811
0.567657
0.570804
0.847180
0.884018
0.575993
0.571443
0.573085
0.586650
0.891029
0.568650
0.575410
0.573408
0.580344
0.580844
0.590255
0.892728
0.574425
0.572372
0.579820
0.578616
0.581074
0.569308
0.570192
0.571376
0.573759
0.568854
0.575381
0.569249
0.585185
0.575956
0.615739
0.571192
0.563089
0.563919
0.572477
0.567619
0.660984
0.659153
0.590810
0.592256
0.578641
0.572853
0.894258
0.671036
0.570792
0.588016
0.579646
0.569835
0.573782
0.571034
0.590880
0.575577
0.573639
0.569847
0.576270
0.578822
0.565617
0.565925
0.624993
0.573654
0.573046
0.571353
0.567853
0.590111
0.568912
0.587996
0.580840
0.580242
0.568040
0.576023
0.574491
0.581361
0.577786
0.585303
0.651622
0.576430
0.581064
0.575927
0.596167
0.564665
0.586449
0.567606
0.583774
0.567531
0.599896
0.576585
0.577969
0.574789
0.601399
0.572407
0.574965
0.569295
0.881223
0.571649
0.574690
0.568775
0.574075
0.571474
0.572289
0.594834
0.569288
0.573635
0.579311
0.577712
0.574317
0.679010
0.585148
0.569852
0.901232
0.578004
0.574631
0.563275
0.617241
0.576509
0.577115
0.602694
0.572454
0.834469
0.566943
0.571840
0.567069
0.573951
0.928696
0.868884
0.570899
0.578661
0.580570
0.581562
0.563013
0.575105
0.580433
0.574919
0.582131
0.567430
0.796635
0.888025
0.593825
0.583471
0.573382
0.571612
0.576829
0.579475
0.567486
0.572295
0.570927
0.568042
0.589605
0.581149
0.956340
0.569893
0.564708
0.576571
0.561909
0.573523
0.778736
0.575101
0.581621
0.568742
0.566267
0.568504
0.586984
0.581505
0.578683
0.583651
0.900512
0.580031
0.593135
0.572668
0.570706
0.614485
0.889120
0.573435
0.573037
0.819792
0.571309
0.586070
0.587258
0.582646
0.568826
0.610547
0.572514
0.585581
0.580464
0.759439
0.574952
0.575291
0.572642
0.789062
0.570374
0.576236
0.570670
0.574331
0.894103
0.568097
0.596702
0.580946
0.894072
0.567718
0.577555
0.575510
0.570008
0.577017
0.570604
0.585419
0.765744
0.568513
0.569479
0.573283
0.616159
0.577584
0.579422
0.575998
0.576266
0.567930
0.575074
0.578557
0.579607
0.564932
0.577957
0.564024
0.596888
0.572025
0.885828
0.580892
0.572476
0.579632
0.580469
0.572575
0.571268
0.610290
0.601145
0.587553
0.578571
0.571036
0.577244
0.579763
0.569189
0.571531
0.581094
0.589036
0.569230
0.580751
0.573232
0.591525
0.584558
0.900257
0.575258
0.570684
0.578689
0.575614
0.581854
0.583773
0.583821
0.568840
0.573325
0.573788
0.570728
0.586483
0.821602
0.575670
0.594809
0.604975
0.570760
0.580824
0.701949
0.574362
0.580456
0.581312
0.587424
0.578368
0.582472
0.702976
0.574147
0.567853
0.579192
0.578111
0.581801
0.583495
0.571431
0.609899
0.571956
0.579941
0.569306
0.576249
0.922020
0.574694
0.588275
0.585711
0.571732
0.572512
0.564375
0.577799
0.575901
0.580803
0.907085
0.576710
0.567339
0.584212
0.590372
0.573373
0.567537
0.573311
0.579740
0.570452
0.574144
0.571993
0.878655
0.579505
0.571301
0.574632
0.600713
0.595171
0.568296
0.572569
0.574423
0.570749
0.601232
0.582316
0.567894
0.567189
0.565043
0.888103
0.584259
0.572268
0.570295
0.561894
0.573436
0.897945
0.565557
0.571774
0.569081
0.568484
0.573767
0.578701
0.581076
0.571674
0.570210
0.582703
0.581940
0.568328
0.580129
0.594586
0.582383
0.575629
0.577317
0.568041
0.894481
0.573093
0.574506
0.572414
0.944185
0.574552
0.571099
0.581277
0.569980
0.586599
0.576477
0.574216
0.573912
0.575282
0.569698
0.591145
0.888479
0.581679
0.885132
0.601733
0.578595
0.568361
0.571925
0.684908
0.576840
0.567536
0.568684
0.567722
0.570901
0.571112
0.882587
0.582338
0.575284
0.589837
0.567515
0.586736
0.575406
0.604936
0.586419
0.582438
0.612917
0.576488
0.571568
0.571830
0.572197
0.577221
0.566037
0.568472
0.580812
0.565343
0.567449
0.564098
0.578905
0.891653
0.577904
0.572716
0.579354
0.594875
0.570922
0.574363
0.569804
0.575093
0.589928
0.572516
0.578940
0.582046
0.572184
0.597665
0.921547
0.576897
0.580769
0.572800
0.586039
0.572377
0.586539
0.580024
0.583445
0.570375
0.580077
0.572397
0.594293
0.564370
0.575375
0.578548
0.571261
0.578536
0.577387
0.576778
0.576279
0.560019
0.584607
0.572279
0.566402
0.569665
0.575437
0.600677
0.582131
0.577490
0.581391
0.567628
0.577678
0.563798
0.604005
0.578114
0.571792
0.583328
0.578827
0.571572
0.600830
0.570870
0.573436
0.571202
0.579900
0.583676
0.569017
0.580447
0.567147
0.573209
0.563908
0.567304
0.568789
1.004556
0.574531
0.584592
0.584735
0.589058
0.584674
0.565919
0.570891
0.582650
0.577800
0.573428
0.879916
0.578232
0.573311
0.567691
0.576116
0.924461
0.599275
0.573375
0.583085
0.587199
0.568665
0.573505
0.567838
0.588777
0.574932
0.594371
0.570200
0.585339
0.598622
0.599897
0.580480
0.596101
0.905051
0.594881
0.573967
0.572973
0.573365
0.578503
0.579895
0.896587
0.571203
0.574652
0.587770
0.571367
0.581885
0.572093
0.605362
0.571809
0.577051
0.577126
0.585870
0.579276
0.592708
0.569872
0.783999
0.563821
0.581043
0.576073
0.567299
0.569228
0.572866
0.895799
0.573642
0.593082
0.566697
0.579742
0.568847
0.585289
0.887974
0.586515
0.576031
0.583745
0.573847
0.569870
0.564926
0.570136
0.569759
0.570795
0.579699
0.590600
0.846380
0.580314
0.567942
0.570764
0.564977
0.588905
0.777949
0.570770
0.576345
0.575599
0.568704
0.577886
0.564291
0.577290
0.616926
0.587765
0.574844
0.582212
0.594611
0.577203
0.578484
0.577266
0.612798
0.574893
0.570491
0.569444
0.603700
0.578719
0.565986
0.575736
0.580288
0.576822
0.787312
0.574849
0.581548
0.886316
0.570014
0.595085
0.564978
0.601283
0.577185
0.579793
0.577959
0.577537
0.574752
0.570659
0.578083
0.577321
0.771407
0.581992
0.576641
0.590563
0.581045
0.581416
0.591510
0.572301
0.579428
0.577279
0.581073
0.570758
0.571502
0.588533
0.577020
0.566315
0.569613
0.580285
0.567446
0.569869
0.571246
0.570255
0.884163
0.570038
0.567255
0.885194
0.580578
0.579590
0.566043
0.881888
0.817109
0.886845
0.568929
0.576811
0.576905
0.576514
0.580570
0.575690
0.877458
0.574551
0.604427
0.587173
0.572606
0.604579
0.562839
0.573738
0.572960
0.575416
0.568472
0.565919
0.585255
0.587676
0.582923
0.604080
0.571916
0.568784
0.575630
0.568964
0.561034
0.573008
0.568803
0.578281
0.575789
0.562753
0.569532
0.600566
0.570448
0.888300
0.576307
0.571235
0.570148
0.569289
0.574114
0.569156
0.583615
0.566027
0.580934
0.569963
0.575351
0.567537
0.573879
0.573358
0.591496
0.586367
0.568196
0.573367
0.571157
0.563757
0.581994
0.564810
0.565686
0.603434
0.569185
0.575576
0.566117
0.844754
0.589321
0.570784
0.569220
0.560821
0.564547
0.576333
0.588522
0.565857
0.570859
0.582858
0.587946
0.578852
0.567841
0.569545
0.568011
0.570276
0.577006
0.575446
0.600562
0.571453
0.567942
0.572367
0.576396
0.569416
0.575707
0.598000
0.567962
0.604827
0.576301
0.582653
0.582765
0.569125
0.573852
0.566089
0.564324
0.585682
0.564827
0.566479
0.570090
0.584553
0.580460
0.575603
0.566758
0.576032
0.569580
0.585284
0.582121
0.575130
0.580090
0.563916
0.567850
0.576286
0.566169
0.582297
0.572391
0.575986
0.575693
0.566528
0.563928
0.589816
0.879925
0.887548
0.583292
0.572286
0.576382
0.583384
0.878589
0.572841
0.583332
0.577938
0.565477
0.572188
0.569823
0.631198
0.568949
0.574558
0.563583
0.584342
0.576279
0.797302
0.700854
0.569975
0.568900
0.574695
0.575005
0.579583
0.616114
0.572821
0.559890
0.571591
0.574810
0.572791
0.574204
0.600952
0.575455
0.569661
0.863007
0.576578
0.574065
0.565064
0.569206
0.576213
0.602740
0.568640
0.571257
0.580475
0.580106
0.576049
0.574479
0.810594
0.574485
0.570847
0.571568
0.585923
0.581663
0.576109
0.572185
0.886772
0.584774
0.570577
0.576554
0.578151
0.892286
0.570996
0.885149
0.559662
0.574027
0.574901
0.577355
0.574299
0.573190
0.585900
0.571581
0.892465
0.569753
0.574874
0.570223
0.564963
0.573344
0.598001
0.574348
0.569014
0.581769
0.577835
0.589678
0.593204
0.579659
0.580062
0.572242
0.563521
0.565571
0.565893
0.566599
0.624672
0.583263
0.577539
0.584320
0.581902
0.570047
0.582629
0.918019
0.588349
0.571763
0.569868
0.606637
0.573852
0.579863
18.147554

18.097407
18.130727
100.785095
130.074201
77.524332
0.586604
0.572766
0.572409
0.589763
0.602074
0.586477
0.574380
0.799514
0.768113
0.564184
0.576976
0.575893
0.588961
0.578760
0.673691
0.814384
0.856579
0.587752
0.577516
ÞÞÞÿaaaÿ
0.141719
0.135115
0.136836
0.142361
0.134363
0.136247
0.135223
0.134877
0.137547
0.143930
0.138061
0.150607
0.143072
0.217980
0.141659
0.137011
0.143922
0.139647
0.136318
0.136038
0.136575
0.143378
0.142741
0.140734
0.138656
0.141798
0.138691
0.178096
0.141456
0.143788
0.139645
0.141480
0.150261
0.139240
0.136180
0.137833
0.133992
0.146684
0.137435
0.145883
0.148007
0.137721
0.144293
0.135561
0.136297
0.135586
0.143528
0.227220
0.140830
0.137698
0.138439
0.142023
0.136267
0.136270
0.136149
0.137729
0.141145
0.144205
0.134919
0.139275
0.144507
0.145783
0.137017
0.146158
0.134870
0.138143
0.141978
0.136471
0.141973
0.139850
0.135972
0.134663
0.138524
0.135139
0.141783
0.142265
0.135334
0.139080
0.143287
0.136852
0.135304
0.136033
0.140813
0.135787
0.137320
0.134566
0.135800
0.141790
0.136056
0.135043
0.136453
0.135682
0.135044
0.152358
0.139324
0.136146
0.139341
0.137884
0.136218
0.142142
0.142033
0.150406
0.138040
0.142316
0.143841
0.138849
0.141565
0.142287
0.137719
0.150876
0.141618
0.147778
0.138512
0.138663
0.153266
0.142254
0.139497
0.146049
0.144916
0.146939
0.138612
0.145805
0.217472
0.137675
0.139605
0.147382
0.142265
0.218012
0.140655
0.139686
0.144233
0.141045
0.147817
0.141409
0.145197
0.140169
0.137918
0.139759
0.141020
0.141186
0.155993
0.140623
0.154209
0.140103
0.142907
0.143374
0.153202
0.138222
0.147216
0.142222
0.163376
0.140871
0.142202
0.147572
0.151103
0.140227
0.143401
0.154148
0.143155
0.150971
0.141876
0.138220
0.139651
0.138584
0.218599
0.138620
0.243259
0.149345
0.146162
0.148155
0.139635
0.146998
0.217872
0.139802
0.152689
0.139225
0.142507
0.229006
0.144891
0.141454
0.215700
0.219307
0.143814
0.141534
0.154288
0.141728
0.140299
0.143573
0.140938
0.147162
0.141340
0.150216
0.145284
0.139373
0.147997
0.149007
0.145348
0.147056
0.141159
0.224436
0.149511
0.137330
0.139841
0.136243
0.139446
0.141591
0.136733
0.139037
0.142564
0.150127
0.138906
0.153920
0.139489
0.219921
0.141019
0.137745
0.137261
0.138747
0.144582
0.142749
0.141049
0.145954
0.221090
0.170916
0.151713
0.142464
0.147564
0.145713
0.140375
0.141085
0.137411
0.144091
0.142225
0.140381
0.143619
0.147973
0.141796
0.140912
0.142662
0.141491
0.140400
0.155805
0.139085
0.142700
0.193024
0.138284
0.150020
0.152761
0.146404
0.156049
0.143362
0.152294
0.218587
0.144329
0.141448
0.153454
0.152134
0.144009
0.152706
0.145560
0.148097
0.224693
0.148132
0.142401
0.141031
0.142407
0.144416
0.139333
0.138343
0.139341
0.226701
0.153359
0.154676
0.217548
0.138176
0.139462
0.140743
0.152904
0.141627
0.151769
0.138994
0.149661
0.138665
0.154147
0.139124
0.139814
0.139997
0.139008
0.142273
0.141145
0.148128
0.138140
0.174236
0.142126
0.137968
0.141998
0.141687
0.141718
0.138804
0.137149
0.142675
0.148865
0.141615
0.227516
0.139477
0.142661
0.139121
0.223235
0.140064
0.218693
0.152031
0.140699
0.142062
0.140184
0.157233
0.142580
0.138306
0.143630
0.142797
0.141364
0.140896
0.216043
0.139990
0.155321
0.141952
0.140640
0.142637
0.145587
0.203086
0.143450
0.141343
0.148909
0.156313
0.140554
0.144972
0.146119
0.142994
0.145486
0.139594
0.225119
0.143406
0.141402
0.144759
0.220480
0.142258
0.137774
0.142666
0.144236
0.149165
0.146708
0.141961
0.151069
0.138551
0.154791
0.138275
0.142593
0.140041
0.138239
0.140925
0.138612
0.138928
0.139945
0.136953
0.138965
0.146944
0.146321
0.147096
0.138841
0.143084
0.140689
0.220587
0.138972
0.222889
0.138691
0.146480
0.152488
0.138498
0.227888
0.140275
0.136394
0.139767
0.140408
0.139972
0.140493
0.140359
0.163048
0.150096
0.137745
0.139743
0.139412
0.156074
0.142174
0.139504
0.139632
0.143649
0.148194
0.143306
0.156239
0.218665
0.145417
0.150768
0.151589
0.147002
0.140559
0.149851
0.144743
0.148293
0.151114
0.150983
0.140053
0.138357
0.152418
0.138698
0.142687
0.218139
0.152620
0.147267
0.142416
0.136696
0.160328
0.138638
0.148081
0.138978
0.149098
0.138137
0.155536
0.140655
0.139848
0.153653
0.137395
0.196947
0.138500
0.140022
0.142097
0.139978
0.139029
0.138222
0.148632
0.136480
0.139507
0.139312
0.142643
0.145550
0.146423
0.142760
0.146380
0.138451
0.138357
0.141580
0.219952
0.145252
0.142873
0.139171
0.140958
0.135534
0.220010
0.143813
0.141180
0.145925
0.138568
0.153492
0.144709
0.138831
0.141933
0.139256
0.161008
0.140096
0.150746
0.151803
0.143832
0.151229
0.141405
0.149481
0.143925
0.145399
0.138064
0.143701
0.140236
0.141219
0.143474
0.138066
0.139014
0.142088
0.217461
0.141977
0.139659
0.144293
0.151440
0.140007
0.155859
0.141107
0.148185
0.139270
0.141035
0.148570
0.142170
0.137696
0.143385
0.144049
0.222820
0.143521
0.157421
0.161210
0.144642
0.138381
0.138561
0.218358
0.172502
0.140526
0.159405
0.139599
0.221027
0.146256
0.143363
0.138548
0.141485
0.141614
0.138672
0.142164
0.140553
0.140602
0.139545
0.142452
0.140334
0.146544
0.139090
0.153782
0.149393
0.140698
0.147551
0.149921
0.156294
0.224415
0.157392
0.161123
0.148921
0.152288
0.181269
0.146839
0.161735
0.151830
0.155668
0.157220
0.156386
0.153338
0.149179
0.155046
0.158218
0.139644
0.166860
0.145191
0.142312
0.140504
0.143901
0.143620
0.143467
0.179765
0.161228
0.147111
0.151092
0.140519
0.149860
0.221330
0.146092
0.159600
0.148725
0.145222
0.180387
0.150409
0.157848
0.154537
0.155732
0.142369
0.137451
0.141008
0.141846
0.141750
0.137886
0.143248
0.143389
0.141340
0.157116
0.149271
0.147312
0.140990
0.139159
0.143118
0.139271
0.139992
0.143102
0.137579
0.218735
0.140858
0.138595
0.138543
0.140397
0.137950
0.219965
0.147282
0.141306
0.139564
0.148199
0.141041
0.137151
0.139736
0.141991
0.142683
0.139106
0.140667
0.222558
0.138994
0.160217
0.144683
0.139713
0.148779
0.137715
0.147896
0.138239
0.140136
0.141594
0.143076
0.141002
0.138812
0.145547
0.145058
0.150573
0.138998
0.141165
0.147801
0.149077
0.186024
0.153897
0.147148
0.141364
0.143265
0.148329
0.146585
0.140241
0.139949
0.143961
0.140019
0.139376
0.147876
0.140392
0.151913
0.139910
0.145927
0.139173
0.137302
0.142384
0.138572
0.148531
0.142812
0.137671
0.141634
0.145473
0.151531
0.136497
0.146062
0.157518
0.141384
0.137379
0.138465
0.138309
0.138681
0.139736
0.137128
0.137129
0.178997
0.138162
0.138785
0.150325
0.138331
0.139568
0.218884
0.140592
0.136853
0.138512
0.142323
0.141320
0.139538
0.137660
0.137909
0.140204
0.139748
0.139117
0.138572
0.142485
0.149851
0.147915
0.151556
0.138933
0.138639
0.139557
0.141897
0.148236
0.140903
0.136945
0.142138
0.139333
0.142692
0.140128
0.139106
0.140383
0.148340
0.139015
0.144166
0.144328
0.136336
0.152424
0.142654
0.137326
0.146709
0.140169
0.154079
0.138426
0.144152
0.147345
0.152569
0.156367
0.153164
0.141275
0.148892
0.143161
0.140308
0.144794
0.138637
0.139535
0.138756
0.140057
0.138956
0.140215
0.140767
0.151963
0.139547
0.142984
0.137716
0.140550
0.139255
0.143396
0.138313
0.139601
0.144579
0.139438
0.143199
0.142247
0.138802
0.142950
0.139894
0.153409
0.148162
0.143002
0.139713
0.143596
0.142759
0.138316
0.143535
0.137997
0.223406
0.223989
0.141893
0.144502
0.150392
0.139063
0.153722
0.148965
0.144950
0.139084
0.144303
0.143796
0.217555
0.141061
0.146909
0.228081
0.143685
0.148570
0.142455
0.151303
0.137871
0.137703
0.140234
0.143621
0.141077
0.143258
0.141589
0.139501
0.138367
0.143126
0.139680
0.140540
0.146466
0.138050
0.162493
0.136921
0.140766
0.140621
0.142415
0.139076
0.141834
0.216828
0.139712
0.136919
0.142428
0.140357
0.214017
0.136965
0.145573
0.140847
0.136298
0.141186
0.140806
0.136221
0.139631
0.137465
0.134472
0.143135
0.139406
0.136637
0.137056
0.134811
0.151375
0.151100
0.137072
0.142957
0.136860
0.135693
0.142101
0.151227
0.142657
0.139775
0.145392
0.140282
0.136548
0.136355
0.146710
0.138169
0.147680
0.140077
0.138021
0.142006
0.137707
0.138108
0.139231
0.143626
0.144703
0.143385
0.138603
0.216456
0.140703
0.165572
0.136257
0.143908
0.137658
0.137377
0.137773
0.140748
0.139497
0.138365
0.136119
0.138660
0.134867
0.135557
0.136584
0.187199
0.137184




0.602379
0.597740
42.305512
34.103985
1674.214486
251.429786
261.372167
248.698299
240.328303
234.183985
237.713047
249.282317
246.436884
271.320145
258.160287
252.914910
233.273971
233.087230
265.975259
239.947664
234.354701
236.102142
233.623782
229.502513
281.005559
248.208736
232.494293
244.237517
237.393065
240.740917
244.107030
246.343808
255.506778
257.096121
253.030605
258.317357
231.103429
253.404416
233.688853
233.924372
241.374489
240.986526
242.634114
244.537698
276.819642
239.731989
267.707590
236.445352
237.699526
249.396459
241.190798
243.173322
244.841612
244.098180
231.675765
252.147307
253.269504
252.839868
254.631550
255.408592
256.300981
235.395008
227.946772
235.843218
239.621488
244.894153
254.980710
276.098193
270.900399
274.518759
280.188282
309.272773
270.882080
259.591372
310.239323
293.601080
308.208145
343.496204
321.170501
325.519314
354.569112
307.574968
314.633690
321.120103
349.140404
346.267017
335.438804
346.475731
357.184546
380.720631
347.108115
360.480944
357.470418
390.111906
404.585602
425.676660
401.736177
425.546588
414.897918
397.167638
390.701554
398.762308
405.175095
405.602583
400.842874
402.263546
125.206492
125.542897
126.970092
108.969991
109.551435
110.656590
111.069115
109.552477
111.009978
111.740539
109.549299
110.060087
110.096888
108.375854
108.808738
108.842262
109.930533
109.416154
108.756524
108.231901
108.342496
108.258148
109.950339
109.145482
112.058697
109.330911
109.404056
107.695947
108.324193
113.360943
110.507287
108.821236
109.670948
111.590736
110.362149
113.305636
111.922210
108.894342
108.622051
110.607436
109.972436
108.571167
109.304592
110.515008
110.621315
111.285762
117.510357
110.128875
110.154190
112.161885
112.143813
111.202158
110.567670
113.628861
111.091846
109.713761
111.082226
109.787268
109.272037
109.220607
110.284656
109.896489
108.626402
111.838690
113.718668
112.326831
110.755847
111.421804
110.206148
111.836515
111.955309
110.259014
111.343206
111.852995
110.987195
110.841890
111.099308
110.735095
111.037573
109.142738
111.062434
111.531567
111.622858
110.916685
108.969765
108.795497
109.429769
111.436214
110.432081
109.736904
114.179418
109.450871
111.961573
117.127581
112.482040
111.500829
117.260572
111.123131
109.265723
110.103939
74.686999
74.457890
73.900378
74.602395
74.750658
73.373298
75.831734
79.120851
74.024158
74.869072
74.959887
73.285890
76.160892
76.835910
75.208121
75.143058
72.311183
72.591087
72.087189
73.158438
72.308894
72.761766
75.007309
72.501152
73.195235
74.149862
72.352644
72.665761
72.825939
72.318063
71.941696
72.097308
72.196530
72.472333
72.136578
72.560570
72.959698
72.835603
73.007188
73.781066
74.123717
72.566811
72.919552
73.081934
73.990522
73.615533
73.532551
72.714961
73.942670
73.296856
72.692667
72.353516
72.501084
72.359534
72.257878
73.008757
71.988395
72.176207
72.675626
72.947982
72.580850
73.374843
73.083600
74.121084
74.164535
74.331368
72.294174
73.347257
74.376547
73.121226
74.027272
74.355905
72.733565
73.049478
72.480800
73.590512
73.116598
73.624529
72.815915
72.565075
74.852186
73.485930
72.775245
75.258966
75.067817
74.107775
74.479118
73.948671
74.077911
73.168288
73.778881
72.711920
72.589971
72.743049
76.864980
75.168512
75.692295
75.192105
74.292787
75.725298
77.204872
76.525509
75.010667
75.166079
74.459202
77.604513
74.956701
75.903672
74.363012
72.093776
73.481128
72.735467
73.084390
72.750786
72.215039
72.384879
72.514006
72.193215
73.090857
73.110966
72.384121
72.082450
72.083269
71.769364
72.548416
72.250275
72.718697
71.879648
72.650092
72.452308
72.064084
72.787070
72.115105
72.630125
72.068260
73.411961
72.564953
72.588215
72.393251
72.966337
73.351396
72.055231
72.536558
72.106021
72.758316
72.971946
72.573045
72.881929
72.663701
72.580530
71.768958
72.807071
72.122329
72.387471
73.747143
74.074675
72.719116
74.184105
73.084448
71.875827
72.095515
73.135902
72.713185
74.370598
72.367409
73.057506
72.141995
72.034435
74.251624
73.797642
72.652815
72.436598
73.039614
73.403552
75.320969
73.543144
73.478202
73.356106
72.393532
73.305967
73.369084
72.884801
73.540190
73.701288
74.416182
73.959909
73.669169
73.428840
72.445980
74.598817
75.058811
74.311408
75.539970
74.915846
72.906674
74.745269
75.841851
75.735110
75.680597
74.024095
74.146535
76.495916
75.108077
73.714960
74.231018
75.757936
77.121591
73.503103
72.127118
72.485306
73.102038
73.542990
72.817030
72.009671
73.287047
72.205822
71.829917
72.507227
74.917809
73.749914
72.804786
74.196145
72.734089
73.188884
72.421065
73.404162
73.154185
73.967678
74.584822
73.921778
73.203261
73.777275
73.013708
72.865163
74.535263
73.147852
73.330686
72.798984
72.686723
74.354622
72.384987
72.605939
73.087553
72.521960
73.080089
71.843714
73.019040
71.725153
72.209686
72.727407
73.412594
74.644301
72.915411
72.817220
73.490826
73.029446
74.807257
72.255397
73.279672
73.461935
72.312576
73.279984
74.316864
73.014678
72.729015
73.738271
73.090776
73.532348
73.530216
75.129780
74.927717
73.945775
72.676458
73.597355
73.860384
73.187493
74.913357
74.842283
72.920528
74.561469
74.344953
73.338717
74.153436
75.214828
73.872735
74.348367
73.019817
74.017933
74.049539
73.454419
75.602297
74.616917
75.407429
75.049946
72.935490
74.803769
72.642594
74.942906
73.094310
74.460918
174.006263
149.690142
146.725168
146.678904
143.911970
144.392169
148.872463
143.990752
145.130165
144.262778
144.027861
144.997514
145.457472
143.416871
143.550709
144.847431
144.610492
144.501747
144.804207
145.174110
144.112284
143.778395
142.948738
144.334203
143.802221
143.038418
144.430508
143.719202
144.127967
143.853850
143.078041
143.715485
143.335318
144.124510
145.544008
143.364634
143.431526
144.243657
144.453935
142.670735
144.660236
144.908493
143.897847
146.429085
144.924131
145.532058
143.744519
144.920245
153.567419
145.156913
144.374719
143.726431
145.025705
144.811386
144.763206
143.468132
144.237557
144.079933
144.320090
144.852891
145.171501
143.489928
143.800320
144.181479
143.625223
145.434593
144.420648
144.804557
144.735755
143.988326
144.062743
145.846150
144.366304
144.377880
145.410571
144.075784
145.712541
143.888976
145.275975
143.535582
143.455904
146.370369
145.467768
144.689136
144.254546
143.434450
143.974125
143.897833
144.273436
145.317158
144.859409
145.836159
143.033651
143.891273
143.848705
143.829301
145.257001
144.568326
143.818311
144.983753
130.319420
107.835046
107.987461
108.233375
107.756452
108.044518
108.457455
108.928730
108.584877
109.370562
108.719995
108.499920
108.541883
107.362053
107.753228
108.654325
107.574691
107.353306
108.291274
109.052614
108.832147
108.283733
108.466450
108.783412
108.943106
108.552286
108.889363
107.597007
108.066925
109.047074
110.284730
109.710636
110.493224
109.406462
110.157142
110.086318
109.714466
111.702427
110.492149
110.837863
109.792502
108.127330
108.912134
109.401061
109.077970
109.257314
109.192648
108.784134
111.347664
109.882253
110.200159
108.523888
109.066986
109.344256
110.111281
108.266750
108.529395
108.513729
108.636386
110.501110
109.398170
110.575036
109.212740
111.518818
109.524903
109.070350
108.189827
110.276099
108.914725
108.870467
109.350242
108.234741
109.760722
108.443853
108.891822
110.029719
109.691224
109.597583
108.908501
111.543928
110.011093
109.056904
109.795050
110.735368
109.683801
108.056793
110.912530
109.315404
109.068392
110.642381
110.354589
110.595261
110.228461
111.773859
109.574285
110.404519
108.917881
110.568039
108.970327
108.311871
258.896285
245.412027
246.888362
242.185506
243.125977
269.203131
247.419554
253.620211
252.518431
241.805492
119.697995
121.361037
118.906663
118.885940
119.331113
118.805867
119.244574
121.565206
119.398634
119.164166
80.735416
78.954806
79.633538
79.639897
79.570944
79.744203
79.774021
79.824229
79.829388
79.472211
79.495876
82.169137
82.071320
82.177343
82.146722
83.473519
79.651042
81.598444
80.881966
81.244263
80.000839
80.228127
119.983605
119.562480
118.529605
121.250284
120.654520
120.367943
120.791259
119.712001
119.092389
119.573481
81.415535
79.751448
79.881097
79.741068
84.231980
80.727138
79.906694
80.267354
79.502555
79.440238
123.649010
120.467500
118.855495
118.942058
118.792624
119.736910
120.230502
120.500371
118.929061
119.249208
178.058979
165.847617
164.324668
166.556568
163.882852
160.301369
159.232739
161.673343
160.839463
159.090930
79.409099
80.099652
80.004861
78.666043
78.486086
80.357613
79.127106
79.588031
78.964249
84.145297
257.349701
254.478117
262.208577
261.496855
279.010961
260.872236
270.504740
271.452350
276.778250
287.191927
287.355667
301.983610
272.661628
274.879150
257.484192
253.124175
255.780758
263.056175
252.259900
255.713614
262.222882














291.194891
311.682681
265.042433
252.761923
182.886740
193.965516
163.070593
164.409298
163.492421
124.008036
123.912576
123.986680
125.791787
99.747124
82.728523
89.612489
82.556393
97.008413
82.747799
88.670166
83.362722
79.914671
80.619431
80.149955
81.754269
81.738798
81.317093
81.055909
81.910681
123.608201
122.845728
123.074432
123.085234
165.431653
164.069424
164.042582
166.205022
220.717325
222.433421
225.305457
231.588699

247.511561
223.621776
191.459349
243.664421
220.567047
221.008390
216.882335
224.790295
233.460832
222.797705
220.149457
164.453312
163.618580
164.835480
165.005852
165.935424
165.476780
164.628247
164.266210
127.335264
124.958078
123.249526
123.222301
124.697801
123.398790
124.302734
123.286384
81.765080
82.120325
82.342988
82.116974
82.061216
81.859512
82.489082
82.018048
82.416147
82.813340
84.006002
82.042436
82.516389
82.601115
82.064716
81.779060
222.162969
226.891538
228.111893
237.815081
234.454068
224.015824
222.327736
223.403181
163.588952
164.523966
165.098142
175.388895
163.699271
163.673597
165.012011
165.279548
123.479239
123.414270
124.593679
128.009703
122.471354
124.733335
122.665253
122.659611
82.206943
82.838832
82.062585
82.667823
82.207880
82.900408
83.332221
82.693095
82.604000
82.859819
82.492908
82.996716
82.241230
83.564421
82.048560
82.184215
3661.738188
3664.668213
3678.679246
3672.640952
3682.504575
3679.806013
3674.164174
3681.212461
2955.351174
1590.880693
2005.087112
1198.428756
804.482144
800.228820
1007.144784
1008.412590
1012.817201

ëëëÿèèèÿ
Òò



toCell[1
83.295245
